t=0.1
P2 1
Values: []
Indices: []
P2 3
Values: [0.43   0.3683]
Indices: [ 95262 123100]
P2 5
Values: [0.5754 0.5578 0.1535]
Indices: [ 95262 123100  95418]
P2 7
Values: [0.7862 0.7257 0.5069]
Indices: [ 95262 123100  78670]

t=0.05
P2 1
Values: [0.1935 0.0928]
Indices: [ 95262 123100]
P2 3
Values: [0.43   0.3683 0.108  0.076  0.0555]
Indices: [ 95262 123100  95418 125434  96040]
P2 5
Values: [0.5754 0.5578 0.1535 0.1499 0.0741]
Indices: [ 95262 123100  95418  78670 125434]
P2 7
Values: [0.7862 0.7257 0.5069 0.1652 0.0635 0.0581 0.0577 0.0565]
Indices: [ 95262 123100  78670  79334  79623  78669 123096  95418]

t=0.01
P2 1
Values: [0.1935 0.0928 0.0531 0.036  0.028  0.026  0.0255 0.0251 0.02   0.0193
 0.0188 0.0187 0.0164 0.0139]
Indices: [ 95262 123100  67722  96040  77864  94729  79179  96865 125434  76956
  69844  95152  69631  79178]
P2 3
Values: [0.43   0.3683 0.108  0.076  0.0555 0.0511 0.0368 0.0308 0.0296 0.0295
 0.0288 0.0269 0.0257 0.0224 0.0207 0.02   0.0178 0.0174 0.0158 0.0147
 0.0144 0.014  0.0139 0.0139 0.0138 0.0134 0.0133 0.013  0.0129 0.0128
 0.0125 0.012  0.0118 0.0118 0.0113 0.0111 0.011  0.0109 0.0107 0.0106
 0.0104]
Indices: [ 95262 123100  95418 125434  96040  96865  77864  96726 123096  95718
  95004  76956  97155  95893  95675  96230  96866  95462  97076  97156
  96565  96655  96566  95585  96727  95676  96953  94554  95745  94727
  96808  97404  96116  95294 123241  95419  97615  95152  95527  96307
  95086]
P2 5
Values: [0.5754 0.5578 0.1535 0.1499 0.0741 0.0571 0.0489 0.0472 0.0461 0.0442
 0.0406 0.0324 0.0316 0.0274 0.0273 0.0268 0.0267 0.025  0.0235 0.0219
 0.0219 0.0218 0.0209 0.0199 0.0197 0.0184 0.0182 0.0181 0.0181 0.0181
 0.0173 0.0171 0.0163 0.0162 0.0147 0.0144 0.014  0.0132 0.0132 0.0128
 0.0127 0.0123 0.0113 0.0113 0.0109 0.0106 0.0106 0.0102]
Indices: [ 95262 123100  95418  78670 125434  96865  79334  96040  96726 123096
  97155  95675  95893  77864  95462  97156  96565  95086  96727  95585
  79623  95718  95294  79284  78669  96953  95419  76956  97076  95745
  95676  97495 123241  96808  96566  97295  96866  96229  96230  96361
  95817  95527  79774  96655  95774  78961  99036  78762]
P2 7
Values: [0.7862 0.7257 0.5069 0.1652 0.0635 0.0581 0.0577 0.0565 0.0565 0.0341
 0.0317 0.0303 0.0291 0.0271 0.0249 0.0245 0.024  0.0238 0.0233 0.0204
 0.0195 0.0159 0.0156 0.0152 0.0145 0.0136 0.013  0.0127 0.0119 0.0118
 0.0116 0.0112 0.0111 0.0111 0.0108]
Indices: [ 95262 123100  78670  79334  79623  78669 123096  95418  79284  78961
  79774  78762  96726 125434  96040  97155  79218  95893 123241  96865
  95675  96565  79861  79611  96727  95745  77864 123242  97076  96655
  78664  95462  80064  96229  95585]
